3.284002 -0.05583311 2.49301 0.001202831 -7.29682E-05 -0.0003292499
-5.249988 0.1768397 0.9559979 -0.0003014879 0.0001552876 -0.0008701087
4.371 -0.05582996 2.481999 -0.0001614459 8.243731E-06 -7.539163E-05
-3.995613 -0.2152046 -2.000046 0.009763779 359.9939 359.8352
-4.314375 -0.2151968 -1.999955 359.9902 359.9939 0.1622276
-2.496537 -0.2151296 -1.996626 359.9911 0.2207867 359.9168
-2.815469 -0.2152631 -2.000054 0.009310205 0.09604005 0.08425814
-0.9956414 -0.2152081 -2.000054 0.006212011 0.005551183 359.8376
-1.31437 -0.2152019 -1.99994 -0.005182352 0.005476164 0.1643532
0.5043297 -0.2152032 -1.999916 8.086512E-05 0.005210321 359.8438
0.1856834 -0.2152064 -1.999915 0.0005015712 -0.00510708 0.153591
2.004326 -0.2152034 -2.000045 0.007569813 0.005282537 359.8448
1.685678 -0.215205 -1.99995 359.9927 -0.005473572 0.1523665
3.504297 -0.2152001 -1.999959 359.9923 -0.005008537 359.8506
3.185697 -0.2151986 -2.000052 0.006657466 0.005299184 0.1479803
-3.99567 -0.2152032 -0.999916 8.894951E-05 0.005207547 359.8439
-4.314317 -0.2152064 -0.9999153 0.000494274 -0.005111333 0.1535894
-2.495674 -0.2152034 -1.000045 0.007567306 0.005286738 359.8448
-2.814322 -0.215205 -0.9999499 359.9927 -0.005489861 0.1523685
-0.9957112 -0.2152153 -0.9999194 6.303103E-05 -0.004359367 359.8517
-1.314301 -0.2151984 -0.9999209 -0.0003126547 -0.005210775 0.1502569
0.5038265 -0.2152067 -1.000208 -0.0001907281 0.01796549 0.0006465173
0.1225566 -0.2152053 -1.014514 -0.0007836266 351.2074 0.001108815
2.00438 -0.2152043 -1.000049 0.008065379 0.005685543 359.8344
1.685618 -0.2151971 -0.999945 359.992 359.994 0.1635163
3.504326 -0.2152034 -1.000045 0.007563413 0.005279542 359.8448
3.185678 -0.215205 -0.9999499 359.9927 -0.005474827 0.152355
-3.995692 -0.2152009 -8.733157E-05 -0.001199998 -0.005064915 359.8488
-4.314289 -0.2152077 -8.094939E-05 -0.0001526173 0.004859466 0.1475895
-2.495693 -0.215211 4.377589E-05 359.9924 -0.005162161 359.8494
-2.814333 -0.2152048 -5.11462E-05 0.007596643 0.005497024 0.1539064
-0.9956934 -0.215211 4.377885E-05 359.9924 -0.005159527 359.8493
-1.314333 -0.2152048 -5.112257E-05 0.007599347 0.005497113 0.1539345
0.5057388 -0.2152057 0.00158919 0.001810531 0.2355487 359.9053
0.1862736 -0.2152125 0.003011522 0.002102111 359.9828 0.1007891
2.004309 -0.2152101 -6.895774E-05 0.002440464 0.00483388 359.8475
1.685717 -0.2152053 7.106335E-05 -0.001268071 0.004603977 0.1472232
3.504306 -0.215211 4.374504E-05 359.9924 -0.005151604 359.8494
3.185667 -0.2152048 -5.11299E-05 0.007601009 0.005501376 0.1539227
-2.249848 0.079082 2.850535 0.05694421 -0.002447409 359.9844
-2.249778 0.07906462 3.030342 0.03802443 -0.004104602 359.9773
-2.249778 0.07906469 3.210343 0.03809465 -0.004132044 359.9773
-2.249778 0.07906463 3.390343 0.03805716 -0.004127597 359.9773
-2.249778 0.07906461 3.570342 0.0380213 -0.00410747 359.9773
-0.309107 -0.367435 -0.5484139 0.0002841974 52.95977 180.0004
-2.284061 -0.2152064 -2.67572 -0.0004589256 24.85508 0.000239857
-0.5223656 -0.2152058 -2.140497 -1.872052E-05 0.2365949 2.975883E-05
-0.711 0.6099995 -4.08 0 0 0
